9  100 100 100 100 100 100 100 100 100 100 100 100 100 100 100 100 100 100 100 1 1 1 100 100 100 100 100 1 1 1 1 100 100 100 1 1 1 1 1 100 100 100 1 1 1 1 1 100 100 100 100 1 1 1 100 100 100 100 100 100 100 100 100 100
8  100 100 100 100 100 100 100 100 100 100 100 100 100 100 100 100 100 100 100 1 1 1 100 100 100 100 100 1 1 1 1 100 100 100 1 1 1 1 1 100 100 100 1 1 1 1 1 100 100 100 100 1 1 1 100 100 100 100 100 100 100 100 100 100
7  100 100 100 100 100 100 100 100 100 100 100 100 100 100 100 100 100 100 100 1 1 1 100 100 100 100 100 1 1 1 1 100 100 100 1 1 1 1 1 100 100 100 1 1 1 1 1 100 100 100 100 1 1 2 100 100 100 100 100 100 100 100 100 100
6  100 100 100 100 100 100 100 100 100 100 100 100 100 100 100 100 100 100 100 2 1 1 100 100 100 100 100 1 1 1 4 100 100 100 5 1 1 1 3 100 100 100 4 1 1 1 3 100 100 100 100 1 1 2 100 100 100 100 100 100 100 100 100 100

9  100 100 100 100 100 100 100 100 100 100 100 100 100 100 100 100 100 100 3 4 2 100 100 100 100 5 2 1 1 100 100 100 100 6 1 1 1 100 100 100 100 6 2 1 1 3 100 100 7 5 4 1 2 5 7 7 8 7 6 6 5 7 8 8
8  100 100 100 100 100 100 100 100 100 100 100 100 100 100 100 100 100 100 7 4 5 100 100 100 100 7 3 1 1 100 100 100 100 7 2 1 1 100 100 100 100 7 3 1 1 4 100 100 8 6 4 2 2 6 9 10 9 9 7 7 6 8 9 9
7  100 100 100 100 100 100 100 100 100 100 100 100 100 100 100 100 100 100 7 5 6 100 100 100 100 9 4 1 2 100 100 100 100 8 4 1 1 100 100 100 100 8 4 1 1 5 100 100 9 8 6 3 4 7 10 11 11 10 9 8 8 9 10 11
6  100 100 100 100 100 100 100 100 100 100 100 100 100 100 100 100 100 100 9 7 7 100 100 100 100 10 5 2 4 100 100 100 100 9 5 1 2 100 100 100 100 9 5 1 2 7 100 100 11 9 7 5 5 8 11 12 12 11 10 10 9 11 12 12

9  100 100 100 100 100 100 100 100 100 100 100 100 100 100 100 100 100 100 100 100 2 1 2 100 100 100 100 1 1 1 1 100 100 100 100 1 1 1 1 100 100 100 100 1 1 1 1 1 100 100 100 1 1 1 1 2 100 100 100 100 2 2 2 100
8  100 100 100 100 100 100 100 100 100 100 100 100 100 100 100 100 100 100 100 100 1 1 2 100 100 100 100 1 1 1 1 100 100 100 100 1 1 1 1 100 100 100 100 1 1 1 1 2 100 100 100 2 1 1 1 3 100 100 100 100 3 3 3 100
7  100 100 100 100 100 100 100 100 100 100 100 100 100 100 100 100 100 100 100 100 4 2 4 100 100 100 100 4 1 1 1 100 100 100 100 2 1 1 1 100 100 100 100 2 1 1 1 7 100 100 100 4 2 1 2 5 100 100 100 100 6 6 7 100
6  100 100 100 100 100 100 100 100 100 100 100 100 100 100 100 100 100 100 100 100 5 3 4 100 100 100 100 6 1 1 2 100 100 100 100 4 1 1 2 100 100 100 100 4 1 1 1 8 100 100 100 6 4 3 4 8 100 100 100 100 9 9 10 100

9  100 100 100 100 100 100 100 100 100 100 100 100 100 100 100 100 100 100 100 1 1 1 100 100 100 100 1 1 1 1 1 100 100 100 1 1 1 1 1 100 100 100 1 1 1 1 1 100 100 100 100 1 1 1 100 100 100 100 100 100 100 100 100 100
8  100 100 100 100 100 100 100 100 100 100 100 100 100 100 100 100 100 100 100 1 1 1 100 100 100 100 1 1 1 1 1 100 100 100 1 1 1 1 1 100 100 100 1 1 1 1 1 100 100 100 100 1 1 1 100 100 100 100 100 100 100 100 100 100
7  100 100 100 100 100 100 100 100 100 100 100 100 100 100 100 100 100 100 100 1 1 1 100 100 100 100 1 1 1 1 1 100 100 100 1 1 1 1 1 100 100 100 1 1 1 1 1 100 100 100 100 1 1 1 100 100 100 100 100 100 100 100 100 100
6  100 100 100 100 100 100 100 100 100 100 100 100 100 100 100 100 100 100 100 3 1 3 100 100 100 100 6 1 1 1 4 100 100 100 5 1 1 1 5 100 100 100 5 1 1 1 5 100 100 100 100 2 1 4 100 100 100 100 100 100 100 100 100 100

9  100 100 100 100 100 100 100 100 100 100 100 100 100 100 100 100 3 100 2 1 1 1 100 2 100 100 1 1 1 1 1 1 100 100 1 1 1 1 100 100 100 100 1 1 1 1 100 100 100 100 100 1 1 100 100 100 100 100 100 100 100 100 100 100
8  100 100 100 100 100 100 100 100 100 100 100 100 100 100 100 100 1 100 1 1 1 2 100 2 100 100 2 1 1 1 1 2 100 100 1 1 1 1 100 100 100 100 1 1 1 1 100 100 100 100 100 2 3 100 100 100 100 100 100 100 100 100 100 100
7  100 100 100 100 100 100 100 100 100 100 100 100 100 100 100 100 2 100 2 1 1 1 100 3 100 100 1 1 1 1 1 3 100 100 1 1 1 1 100 100 100 100 2 1 1 1 100 100 100 100 100 1 1 100 100 100 100 100 100 100 100 100 100 100
6  100 100 100 100 100 100 100 100 100 100 100 100 100 100 100 100 5 100 2 1 1 2 100 3 100 100 1 1 1 1 2 2 100 100 1 1 1 1 100 100 100 100 2 1 1 1 100 100 100 100 100 2 1 100 100 100 100 100 100 100 100 100 100 100

9  100 100 100 100 100 100 100 100 100 100 100 100 100 100 100 100 100 100 100 1 1 1 100 100 100 100 100 1 1 1 2 100 100 100 2 1 1 1 1 100 100 100 1 1 1 1 1 100 100 100 100 1 1 1 100 100 100 100 100 100 100 100 100 100
8  100 100 100 100 100 100 100 100 100 100 100 100 100 100 100 100 100 100 100 1 1 1 100 100 100 100 100 1 1 1 1 100 100 100 1 1 1 1 1 100 100 100 1 1 1 1 1 100 100 100 100 1 1 2 100 100 100 100 100 100 100 100 100 100
7  100 100 100 100 100 100 100 100 100 100 100 100 100 100 100 100 100 100 100 1 1 1 100 100 100 100 100 1 1 1 1 100 100 100 1 1 1 1 1 100 100 100 1 1 1 1 1 100 100 100 100 1 1 1 100 100 100 100 100 100 100 100 100 100
6  100 100 100 100 100 100 100 100 100 100 100 100 100 100 100 100 100 100 100 1 1 2 100 100 100 100 100 1 1 1 5 100 100 100 5 1 1 1 4 100 100 100 4 1 1 1 3 100 100 100 100 1 1 1 100 100 100 100 100 100 100 100 100 100

9  100 100 100 100 100 100 100 100 100 100 100 100 100 100 100 100 100 100 100 1 1 1 100 100 100 100 3 1 1 1 1 100 100 100 1 1 1 1 1 100 100 100 1 1 1 1 1 100 100 100 100 1 1 2 100 100 100 100 100 100 100 100 100 100
8  100 100 100 100 100 100 100 100 100 100 100 100 100 100 100 100 100 100 100 1 1 1 100 100 100 100 1 1 1 1 1 100 100 100 1 1 1 1 1 100 100 100 1 1 1 1 1 100 100 100 100 1 1 1 100 100 100 100 100 100 100 100 100 100
7  100 100 100 100 100 100 100 100 100 100 100 100 100 100 100 100 100 100 100 1 1 1 100 100 100 100 1 1 1 1 3 100 100 100 1 1 1 1 1 100 100 100 1 1 1 1 1 100 100 100 100 1 1 1 100 100 100 100 100 100 100 100 100 100
6  100 100 100 100 100 100 100 100 100 100 100 100 100 100 100 100 100 100 100 2 1 2 100 100 100 100 6 1 1 1 5 100 100 100 4 1 1 1 5 100 100 100 5 1 1 1 4 100 100 100 100 2 1 3 100 100 100 100 100 100 100 100 100 100

9  100 100 100 100 100 100 100 100 100 100 100 100 100 100 100 100 100 100 100 1 1 3 100 100 100 100 1 1 1 1 100 100 100 100 1 1 1 1 100 100 100 100 1 1 1 1 100 100 100 100 1 1 1 2 100 100 100 100 100 2 2 100 100 100
8  100 100 100 100 100 100 100 100 100 100 100 100 100 100 100 100 100 100 100 1 1 1 100 100 100 100 1 1 1 1 100 100 100 100 1 1 1 1 100 100 100 100 1 1 1 1 100 100 100 100 1 1 1 1 100 100 100 100 100 2 2 100 100 100
7  100 100 100 100 100 100 100 100 100 100 100 100 100 100 100 100 100 100 100 1 1 3 100 100 100 100 2 1 1 1 100 100 100 100 1 1 1 1 100 100 100 100 1 1 1 1 100 100 100 100 3 1 1 2 100 100 100 100 100 4 4 100 100 100
6  100 100 100 100 100 100 100 100 100 100 100 100 100 100 100 100 100 100 100 1 1 6 100 100 100 100 4 1 1 1 100 100 100 100 3 1 1 1 100 100 100 100 4 1 1 1 100 100 100 100 7 1 1 5 100 100 100 100 100 8 8 100 100 100

9  100 100 100 100 100 100 100 100 100 100 100 100 100 100 100 100 100 100 100 1 1 1 100 100 100 100 1 1 1 1 100 100 100 100 1 1 1 1 1 100 100 100 1 1 1 1 1 100 100 100 100 1 1 1 100 100 100 100 100 100 100 100 100 100
8  100 100 100 100 100 100 100 100 100 100 100 100 100 100 100 100 100 100 100 1 1 1 100 100 100 100 1 1 1 1 100 100 100 100 1 1 1 1 1 100 100 100 1 1 1 1 2 100 100 100 100 1 1 2 100 100 100 100 100 100 100 100 100 100
7  100 100 100 100 100 100 100 100 100 100 100 100 100 100 100 100 100 100 100 1 1 1 100 100 100 100 1 1 1 1 100 100 100 100 1 1 1 1 1 100 100 100 1 1 1 1 1 100 100 100 100 1 1 1 100 100 100 100 100 100 100 100 100 100
6  100 100 100 100 100 100 100 100 100 100 100 100 100 100 100 100 100 100 100 1 1 1 100 100 100 100 2 1 1 1 100 100 100 100 2 1 1 1 4 100 100 100 2 1 1 1 5 100 100 100 100 1 1 3 100 100 100 100 100 100 100 100 100 100

9  100 100 100 100 100 100 100 100 100 100 100 100 100 100 100 100 100 100 100 1 1 1 100 100 100 100 1 1 1 1 100 100 100 100 1 1 1 1 100 100 100 100 1 1 1 1 100 100 100 100 4 1 1 2 100 100 100 100 100 3 4 3 100 100
8  100 100 100 100 100 100 100 100 100 100 100 100 100 100 100 100 100 100 100 1 1 2 100 100 100 100 1 1 1 1 100 100 100 100 1 1 1 1 100 100 100 100 1 1 1 1 100 100 100 100 1 2 1 1 100 100 100 100 100 3 3 3 100 100
7  100 100 100 100 100 100 100 100 100 100 100 100 100 100 100 100 100 100 100 1 1 3 100 100 100 100 3 1 1 1 100 100 100 100 2 1 1 1 100 100 100 100 2 1 1 1 100 100 100 100 6 1 1 3 100 100 100 100 100 6 5 7 100 100
6  100 100 100 100 100 100 100 100 100 100 100 100 100 100 100 100 100 100 100 2 2 7 100 100 100 100 6 1 1 1 100 100 100 100 5 1 1 1 100 100 100 100 5 1 1 1 100 100 100 100 8 3 2 6 100 100 100 100 100 9 9 10 100 55
